receivers:
  2409-001:
    coords:
      alt: 149.258
      lat: 46.037347
      lon: 13.253102
    ip: 10.158.0.190
    port: 2222
    role: master
    serial: 2409-001
  2409-002:
    ip: 10.158.0.163
    port: 2222
    role: rover
    serial: 2409-002
