receivers:
  2409-001:
    coords:
      alt: 104.8
      lat: 46.037341500000004
      lon: 13.2531145
    ip: 10.158.0.163
    port: 2222
    role: master
    serial: 2409-001
  2409-002:
    ip: 10.55.66.116
    port: 2222
    role: rover
    serial: 2409-002
  2409-003:
    ip: 10.158.0.189
    port: 2222
    role: rover
    serial: 2409-003
